structure(c(1.44576865826457e-05, 2.7096430801262e-05, -3.6138893969061e-06, 
1.25436639556795e-05, -8.19575347277625e-06, -1.13653064429553e-05, 
-1.78380138640295e-05, 3.34206893348247e-05, -8.46982221716302e-12, 
-1.14590102701753e-11, 6.78498980358864e-12, -4.21735747485777e-11, 
2.59799478980457e-12, -6.61375076629508e-13, -3.29704900322534e-11, 
-2.66211387698767e-11, 0, 0, 0, 0, 0, 0, 0, 0, 0, 0, 0, 0, 0, 
0, 0, 0, 0, 0, 0, 0, 0, 0, 0, 0, 6.5678905607573e-05, 8.96422194891772e-05, 
1.30399342731549e-05, 1.06742751915675e-05, 9.77812100341725e-06, 
-7.7195603446494e-06, -6.56812404890063e-05, -8.96432237064219e-05, 
-1.30400803326784e-05, -1.06743947938916e-05, -9.77823056501923e-06, 
7.71964685519909e-06, 2.70964308002972e-05, 0.000116998002131647, 
1.35744762598584e-06, 3.57799812682454e-05, 1.34792249816869e-05, 
-7.4581981600047e-06, -6.46350968168051e-05, -1.26970575686345e-06, 
-1.14590109256683e-11, -1.55031509399475e-11, 9.17956357465068e-12, 
-5.70575673734846e-11, 3.51488584828901e-12, -8.94785807851425e-13, 
-4.46065089699156e-11, -3.60163294769825e-11, 0, 0, 0, 0, 0, 
0, 0, 0, 0, 0, 0, 0, 0, 0, 0, 0, 0, 0, 0, 0, 0, 0, 0, 0, 0.000286910214256919, 
0.000405967361833112, 0.000305482260197752, 0.000302274860160406, 
0.000290073372056218, -0.000298277360742811, -0.000286916148687142, 
-0.000405971909744811, -0.000305485682423806, -0.00030227824645253, 
-0.00029007662164456, 0.000298280702256814, -3.61388939688583e-06, 
1.35744762639267e-06, 1.00675682609743e-05, 9.73436990049365e-06, 
3.11052439627062e-06, 2.46990537436178e-06, -1.00237667181791e-05, 
-4.36126209552602e-06, 6.78498991065919e-12, 9.17956383252145e-12, 
-5.43530747473508e-12, 3.37843320169269e-11, -2.081197668034e-12, 
5.29811878063042e-13, 2.6411940630753e-11, 2.13256132676557e-11, 
0, 0, 0, 0, 0, 0, 0, 0, 0, 0, 0, 0, 0, 0, 0, 0, 0, 0, 0, 0, 0, 
0, 0, 0, 4.99064160390712e-06, 2.27543302713777e-05, 3.18627582806319e-05, 
3.25928996494426e-05, 3.94966671402361e-05, -3.4959857286528e-05, 
-4.99107034582837e-06, -2.27545851869353e-05, -3.18631152376315e-05, 
-3.25932647739402e-05, -3.94971096206443e-05, 3.49602489267164e-05, 
1.25436639554621e-05, 3.5779981267857e-05, 9.73436990038043e-06, 
4.03119672167155e-05, -5.26267826951482e-06, -9.57663652295203e-06, 
-2.3843152732167e-05, 3.67805238869263e-05, -4.21735753625517e-11, 
-5.70575680364659e-11, 3.37843316555419e-11, -2.09993835869848e-10, 
1.29361348074136e-11, -3.2931598584113e-12, -1.64169140442485e-10, 
-1.32553971128115e-10, 0, 0, 0, 0, 0, 0, 0, 0, 0, 0, 0, 0, 0, 
0, 0, 0, 0, 0, 0, 0, 0, 0, 0, 0, 7.08561288195731e-05, 0.000156229344794679, 
6.73120170657929e-05, 5.93900086017255e-05, 6.86381046129894e-05, 
-4.46776704933573e-05, -7.0859752632829e-05, -0.000156231094995739, 
-6.73127711349761e-05, -5.93906739272527e-05, -6.86388735457694e-05, 
4.46781710027469e-05, -8.19575347308087e-06, 1.34792249810159e-05, 
3.11052439600597e-06, -5.26267826952411e-06, 2.15888284938465e-05, 
1.71051904611834e-05, -9.30481751920331e-07, -5.64137775664855e-05, 
2.59799546610397e-12, 3.51488574885843e-12, -2.08119746254957e-12, 
1.29361339493447e-11, -7.96897454207012e-13, 2.0286676935797e-13, 
1.01132209989262e-11, 8.16564918876463e-12, 0, 0, 0, 0, 0, 0, 
0, 0, 0, 0, 0, 0, 0, 0, 0, 0, 0, 0, 0, 0, 0, 0, 0, 0, 4.37780760498233e-05, 
6.18554975095351e-05, 0.000147821083451242, 0.000150416164242588, 
0.000148249981656006, -0.000151322480288046, -4.37770830831122e-05, 
-6.18561904510937e-05, -0.000147822739439488, -0.000150417849305446, 
-0.000148251642459444, 0.000151324175507394, -1.13653064429108e-05, 
-7.45819815954111e-06, 2.46990537425353e-06, -9.57663652279427e-06, 
1.71051904613083e-05, 1.68491084104254e-05, 9.94964620880203e-06, 
-4.91053861413284e-05, -6.61373436323459e-13, -8.9478651435154e-13, 
5.2981176920454e-13, -3.29316030807829e-12, 2.0286737262873e-13, 
-5.16436253619137e-14, -2.57452905274016e-12, -2.07873357083063e-12, 
0, 0, 0, 0, 0, 0, 0, 0, 0, 0, 0, 0, 0, 0, 0, 0, 0, 0, 0, 0, 0, 
0, 0, 0, -5.35193194836472e-06, -1.02640560159617e-05, 8.62184245290857e-05, 
8.89146553672409e-05, 9.01562273841373e-05, -8.86839339097133e-05, 
5.35385506594974e-06, 1.02641709909303e-05, -8.62193904230911e-05, 
-8.89156514426083e-05, -9.01572373425183e-05, 8.86849274069569e-05, 
-1.78380138637459e-05, -6.4635096817497e-05, -1.00237667177849e-05, 
-2.38431527326303e-05, -9.30481751352972e-07, 9.94964620977444e-06, 
6.49113829736713e-05, -2.21871398665806e-05, -3.29704900319513e-11, 
-4.46065094478284e-11, 2.64119406446942e-11, -1.64169140482184e-10, 
1.01132207354881e-11, -2.5745292213674e-12, -1.28344276070812e-10, 
-1.0362814541688e-10, 0, 0, 0, 0, 0, 0, 0, 0, 0, 0, 0, 0, 0, 
0, 0, 0, 0, 0, 0, 0, 0, 0, 0, 0, -0.000193085932865318, -0.000225277981644458, 
-0.000158365101989814, -0.000163255954016235, -0.000167043833618224, 
0.000174757776952709, 0.000193089888718701, 0.00022528050535954, 
0.000158366876117475, 0.000163257782914939, 0.000167045704970752, 
-0.000174759734719546, 3.34206893360105e-05, -1.26970575501818e-06, 
-4.36126209498598e-06, 3.67805238871391e-05, -5.64137775674865e-05, 
-4.91053861421016e-05, -2.21871398663453e-05, 0.00016706834941678, 
-2.66211383518058e-11, -3.60163299782441e-11, 2.1325613381207e-11, 
-1.32553970770993e-10, 8.16564950740453e-12, -2.07873459899948e-12, 
-1.03628145297265e-10, -8.36717684154107e-11, 0, 0, 0, 0, 0, 
0, 0, 0, 0, 0, 0, 0, 0, 0, 0, 0, 0, 0, 0, 0, 0, 0, 0, 0, -2.73476831710812e-05, 
-1.85592511343778e-05, -0.000295270744572899, -0.000303887773844945, 
-0.000291226751300418, 0.000313174612455701, 2.73423619790063e-05, 
1.85594590428227e-05, 0.000295274052393147, 0.000303891178205995, 
0.000291230013818844, -0.00031317812085543, -8.46982087548406e-12, 
-1.14590090922807e-11, 6.7849917531793e-12, -4.21735750262444e-11, 
2.59799429106376e-12, -6.61373294131552e-13, -3.29704908623879e-11, 
-2.66211421778348e-11, 1.01588805910588e-05, -5.17829574846373e-05, 
7.08939262619048e-06, -0.000118733796816338, -4.38557324344352e-05, 
-4.88373870232201e-05, -1.66952926736419e-05, 8.46868471914528e-05, 
2.00701620287283e-17, -1.93528330656635e-16, 1.74025850045695e-16, 
-9.82937829325217e-17, 2.01501963060638e-17, -2.34528899685109e-18, 
-1.09041588819579e-16, -4.32606703387266e-16, -1.39481289197839e-11, 
2.77329258091011e-11, 1.05353616334808e-11, -1.86008880950414e-10, 
2.84565631012369e-11, 3.7254757956861e-11, -5.58412283116181e-11, 
-7.34351446802073e-11, 1.20264849333414e-15, -8.03228431075467e-16, 
-1.22530633277986e-15, 1.0634021140001e-14, -2.31161675444853e-15, 
-2.37310064251032e-15, 6.13153073271378e-15, 6.32185175692065e-15, 
-0.000268274244488032, -4.66614600964366e-05, 0.000268473652192503, 
0.00026832968881878, 0.000268316649842577, -0.000268559678839645, 
0.000268271786172488, 4.66552707605433e-05, -0.000268471192066309, 
-0.000268327230003657, -0.000268314191146958, 0.000268557217919715, 
-1.14590109661534e-11, -1.55031505040092e-11, 9.1795633920919e-12, 
-5.70575670244641e-11, 3.51488576514247e-12, -8.94786596873943e-13, 
-4.46065086884055e-11, -3.60163314010076e-11, -5.17829574881874e-05, 
0.000264288222716735, -3.63999384959252e-05, 0.000606841344601241, 
0.00022356824641615, 0.000248880719648662, 8.5668925476437e-05, 
-0.000432029756714992, -1.93528333337112e-16, 1.86611435781381e-15, 
-1.67805996364568e-15, 9.47806670077723e-16, -1.94300080216427e-16, 
2.2614661752334e-17, 1.05144331338402e-15, 4.17144910624211e-15, 
2.77329305194891e-11, -5.51411124261343e-11, -2.09473583550014e-11, 
3.69839674608385e-10, -5.65799124849759e-11, -7.40732779406708e-11, 
1.11028577167965e-10, 1.46010392727376e-10, -8.01203899883235e-16, 
5.31892576041332e-16, 8.11106620127942e-16, -7.09600246857227e-15, 
1.53983585533748e-15, 1.57285540088365e-15, -4.08666058765921e-15, 
-4.21404511165255e-15, 0.00136399146146403, 0.000241832486438587, 
-0.0013643638334538, -0.0013641113448739, -0.00136403616114952, 
0.0013642111549014, -0.00136397896265194, -0.000241800964664053, 
